Lens shading correction data dump for EEPROM cas_semco_imx586_sem1215

Light Type: D50 
MeshHWRollOffSize=221

r_gain:
493.000000  560.000000  608.000000  658.000000  699.000000  726.000000  746.000000  766.000000  763.000000  766.000000  746.000000  726.000000  699.000000  658.000000  608.000000  557.000000  490.000000  
560.000000  628.000000  689.000000  739.000000  780.000000  820.000000  841.000000  861.000000  871.000000  861.000000  841.000000  820.000000  780.000000  739.000000  689.000000  638.000000  571.000000  
621.000000  689.000000  750.000000  800.000000  851.000000  881.000000  912.000000  922.000000  932.000000  932.000000  912.000000  881.000000  851.000000  800.000000  750.000000  699.000000  631.000000  
672.000000  739.000000  800.000000  851.000000  901.000000  932.000000  952.000000  962.000000  962.000000  962.000000  952.000000  932.000000  901.000000  851.000000  800.000000  739.000000  672.000000  
702.000000  770.000000  831.000000  891.000000  932.000000  962.000000  982.000000  982.000000  982.000000  982.000000  982.000000  972.000000  932.000000  881.000000  831.000000  770.000000  702.000000  
723.000000  790.000000  861.000000  912.000000  962.000000  993.000000  1003.000000  1003.000000  1003.000000  1003.000000  1003.000000  993.000000  962.000000  912.000000  851.000000  790.000000  723.000000  
729.000000  810.000000  871.000000  932.000000  982.000000  1013.000000  1013.000000  1013.000000  1013.000000  1013.000000  1013.000000  1013.000000  972.000000  922.000000  871.000000  810.000000  729.000000  
729.000000  810.000000  871.000000  932.000000  972.000000  1013.000000  1013.000000  1013.000000  1023.000000  1023.000000  1013.000000  1013.000000  972.000000  922.000000  871.000000  800.000000  733.000000  
723.000000  790.000000  861.000000  922.000000  962.000000  993.000000  1013.000000  1013.000000  1013.000000  1013.000000  1013.000000  993.000000  962.000000  912.000000  851.000000  790.000000  709.000000  
692.000000  760.000000  820.000000  881.000000  922.000000  952.000000  982.000000  993.000000  993.000000  993.000000  982.000000  962.000000  922.000000  871.000000  820.000000  750.000000  682.000000  
641.000000  709.000000  770.000000  820.000000  861.000000  901.000000  932.000000  942.000000  952.000000  942.000000  932.000000  901.000000  861.000000  820.000000  760.000000  699.000000  631.000000  
581.000000  648.000000  699.000000  750.000000  800.000000  831.000000  861.000000  881.000000  881.000000  881.000000  861.000000  831.000000  800.000000  750.000000  699.000000  648.000000  567.000000  
500.000000  567.000000  618.000000  668.000000  706.000000  750.000000  766.000000  787.000000  787.000000  787.000000  766.000000  750.000000  706.000000  668.000000  618.000000  567.000000  500.000000  

gr_gain:
505.000000  569.000000  620.000000  668.000000  703.000000  742.000000  762.000000  777.000000  783.000000  777.000000  762.000000  735.000000  703.000000  668.000000  620.000000  574.000000  511.000000  
583.000000  647.000000  705.000000  753.000000  795.000000  827.000000  853.000000  869.000000  875.000000  869.000000  853.000000  827.000000  795.000000  753.000000  705.000000  652.000000  581.000000  
641.000000  705.000000  769.000000  816.000000  859.000000  896.000000  917.000000  933.000000  938.000000  933.000000  917.000000  896.000000  859.000000  816.000000  769.000000  710.000000  640.000000  
682.000000  753.000000  811.000000  864.000000  906.000000  938.000000  959.000000  965.000000  965.000000  965.000000  959.000000  938.000000  906.000000  864.000000  811.000000  753.000000  682.000000  
714.000000  784.000000  848.000000  896.000000  938.000000  970.000000  986.000000  986.000000  986.000000  986.000000  986.000000  970.000000  938.000000  896.000000  843.000000  784.000000  714.000000  
742.000000  806.000000  869.000000  922.000000  970.000000  996.000000  1002.000000  1007.000000  1007.000000  1007.000000  1002.000000  996.000000  965.000000  917.000000  869.000000  806.000000  735.000000  
751.000000  822.000000  885.000000  938.000000  986.000000  1012.000000  1018.000000  1018.000000  1018.000000  1018.000000  1018.000000  1012.000000  981.000000  933.000000  880.000000  822.000000  744.000000  
751.000000  822.000000  885.000000  938.000000  981.000000  1012.000000  1018.000000  1018.000000  1023.000000  1023.000000  1018.000000  1012.000000  981.000000  933.000000  880.000000  816.000000  746.000000  
742.000000  806.000000  875.000000  928.000000  970.000000  1002.000000  1012.000000  1018.000000  1018.000000  1018.000000  1018.000000  1002.000000  965.000000  922.000000  869.000000  806.000000  728.000000  
703.000000  774.000000  837.000000  890.000000  933.000000  965.000000  986.000000  991.000000  996.000000  996.000000  986.000000  965.000000  928.000000  885.000000  832.000000  769.000000  698.000000  
657.000000  721.000000  784.000000  832.000000  875.000000  912.000000  933.000000  954.000000  959.000000  954.000000  938.000000  912.000000  875.000000  832.000000  779.000000  721.000000  650.000000  
594.000000  657.000000  721.000000  769.000000  811.000000  848.000000  869.000000  890.000000  890.000000  890.000000  875.000000  848.000000  811.000000  769.000000  716.000000  663.000000  592.000000  
530.000000  587.000000  643.000000  691.000000  726.000000  763.000000  784.000000  799.000000  806.000000  799.000000  783.000000  763.000000  726.000000  691.000000  645.000000  585.000000  521.000000  

gb_gain:
512.000000  569.000000  627.000000  673.000000  710.000000  740.000000  767.000000  776.000000  781.000000  776.000000  767.000000  740.000000  710.000000  668.000000  627.000000  574.000000  511.000000  
583.000000  647.000000  705.000000  758.000000  795.000000  832.000000  859.000000  875.000000  880.000000  875.000000  859.000000  832.000000  795.000000  753.000000  705.000000  652.000000  581.000000  
647.000000  710.000000  769.000000  822.000000  859.000000  896.000000  922.000000  933.000000  938.000000  933.000000  922.000000  896.000000  859.000000  822.000000  769.000000  710.000000  640.000000  
689.000000  753.000000  816.000000  864.000000  906.000000  943.000000  959.000000  970.000000  970.000000  970.000000  959.000000  943.000000  906.000000  864.000000  816.000000  753.000000  682.000000  
721.000000  784.000000  848.000000  901.000000  943.000000  975.000000  986.000000  991.000000  991.000000  991.000000  986.000000  975.000000  938.000000  896.000000  843.000000  784.000000  714.000000  
740.000000  811.000000  875.000000  928.000000  970.000000  1002.000000  1007.000000  1007.000000  1007.000000  1007.000000  1007.000000  1002.000000  965.000000  922.000000  869.000000  811.000000  733.000000  
751.000000  822.000000  890.000000  943.000000  986.000000  1018.000000  1018.000000  1023.000000  1023.000000  1023.000000  1018.000000  1012.000000  981.000000  933.000000  880.000000  822.000000  744.000000  
751.000000  822.000000  885.000000  943.000000  986.000000  1018.000000  1023.000000  1023.000000  1023.000000  1023.000000  1023.000000  1018.000000  981.000000  933.000000  880.000000  816.000000  746.000000  
740.000000  811.000000  875.000000  928.000000  970.000000  1002.000000  1018.000000  1018.000000  1023.000000  1023.000000  1018.000000  1002.000000  970.000000  922.000000  869.000000  806.000000  728.000000  
710.000000  774.000000  837.000000  890.000000  933.000000  965.000000  986.000000  996.000000  1002.000000  1002.000000  991.000000  970.000000  933.000000  885.000000  832.000000  774.000000  696.000000  
655.000000  726.000000  784.000000  837.000000  880.000000  912.000000  938.000000  954.000000  959.000000  954.000000  938.000000  912.000000  880.000000  832.000000  779.000000  721.000000  650.000000  
599.000000  663.000000  721.000000  774.000000  816.000000  848.000000  875.000000  890.000000  896.000000  890.000000  875.000000  848.000000  811.000000  769.000000  721.000000  663.000000  592.000000  
528.000000  592.000000  643.000000  689.000000  731.000000  763.000000  790.000000  806.000000  811.000000  806.000000  790.000000  763.000000  733.000000  691.000000  643.000000  592.000000  521.000000  

b_gain:
514.000000  573.000000  623.000000  667.000000  711.000000  735.000000  761.000000  779.000000  779.000000  779.000000  761.000000  735.000000  700.000000  667.000000  623.000000  582.000000  512.000000  
585.000000  644.000000  706.000000  750.000000  794.000000  829.000000  855.000000  873.000000  873.000000  873.000000  855.000000  829.000000  794.000000  750.000000  706.000000  653.000000  594.000000  
647.000000  706.000000  767.000000  820.000000  855.000000  891.000000  917.000000  935.000000  935.000000  935.000000  917.000000  891.000000  855.000000  820.000000  767.000000  714.000000  644.000000  
691.000000  750.000000  811.000000  864.000000  908.000000  935.000000  961.000000  961.000000  961.000000  961.000000  961.000000  935.000000  908.000000  864.000000  811.000000  758.000000  688.000000  
714.000000  785.000000  847.000000  900.000000  935.000000  970.000000  979.000000  988.000000  988.000000  988.000000  988.000000  970.000000  935.000000  891.000000  847.000000  785.000000  714.000000  
741.000000  811.000000  873.000000  926.000000  970.000000  997.000000  1005.000000  1005.000000  1005.000000  1005.000000  1005.000000  997.000000  961.000000  917.000000  864.000000  811.000000  741.000000  
750.000000  820.000000  891.000000  944.000000  988.000000  1014.000000  1014.000000  1014.000000  1014.000000  1014.000000  1014.000000  1014.000000  979.000000  935.000000  882.000000  820.000000  750.000000  
750.000000  820.000000  882.000000  944.000000  988.000000  1014.000000  1014.000000  1014.000000  1023.000000  1023.000000  1014.000000  1014.000000  979.000000  935.000000  882.000000  820.000000  750.000000  
741.000000  811.000000  873.000000  926.000000  970.000000  1005.000000  1014.000000  1014.000000  1014.000000  1014.000000  1014.000000  997.000000  970.000000  926.000000  873.000000  811.000000  729.000000  
706.000000  776.000000  838.000000  891.000000  935.000000  961.000000  988.000000  997.000000  997.000000  997.000000  988.000000  961.000000  926.000000  882.000000  838.000000  776.000000  706.000000  
653.000000  723.000000  785.000000  838.000000  882.000000  908.000000  935.000000  952.000000  961.000000  952.000000  935.000000  908.000000  873.000000  829.000000  776.000000  723.000000  653.000000  
603.000000  661.000000  723.000000  767.000000  811.000000  847.000000  873.000000  891.000000  891.000000  891.000000  873.000000  847.000000  811.000000  767.000000  723.000000  661.000000  603.000000  
532.000000  591.000000  641.000000  685.000000  729.000000  764.000000  779.000000  797.000000  808.000000  797.000000  779.000000  764.000000  729.000000  685.000000  641.000000  591.000000  532.000000  
